0,-0.0000010000,-13.8155105580,-0.0000010000,-0.0000010000,-13.8155105580,-0.0000010000,-13.8155105580,-13.8155105580,-0.0000010000,-13.8155105580,-13.8155105580,-0.0000010000
1,-13.8155105580,-13.8155105580,-0.0000010000,-13.8155105580,-0.0000010000,-0.0000010000,-13.8155105580,-0.0000010000,-13.8155105580,-13.8155105580,-13.8155105580,-13.8155105580
2,-0.0000010000,-0.0000010000,-0.0000010000,-13.8155105580,-0.0000010000,-13.8155105580,-0.0000010000,-0.0000010000,-13.8155105580,-0.0000010000,-13.8155105580,-0.0000010000
3,-13.8155105580,-13.8155105580,-13.8155105580,-13.8155105580,-0.0000010000,-0.0000010000,-13.8155105580,-13.8155105580,-0.0000010000,-0.0000010000,-0.0000010000,-13.8155105580
4,-0.0000010000,-0.0000010000,-0.0000010000,-13.8155105580,-13.8155105580,-0.0000010000,-0.0000010000,-0.0000010000,-0.0000010000,-0.0000010000,-0.0000010000,-0.0000010000
5,-13.8155105580,-0.0000010000,-13.8155105580,-13.8155105580,-13.8155105580,-0.0000010000,-13.8155105580,-0.0000010000,-0.0000010000,-0.0000010000,-13.8155105580,-0.0000010000
6,-0.0000010000,-0.0000010000,-0.0000010000,-13.8155105580,-13.8155105580,-13.8155105580,-0.0000010000,-13.8155105580,-0.0000010000,-13.8155105580,-13.8155105580,-13.8155105580
7,-13.8155105580,-13.8155105580,-13.8155105580,-13.8155105580,-13.8155105580,-0.0000010000,-0.0000010000,-0.0000010000,-13.8155105580,-13.8155105580,-13.8155105580,-13.8155105580
8,-13.8155105580,-13.8155105580,-13.8155105580,-0.0000010000,-13.8155105580,-0.0000010000,-0.0000010000,-13.8155105580,-0.0000010000,-0.0000010000,-13.8155105580,-13.8155105580
9,-0.0000010000,-13.8155105580,-13.8155105580,-0.0000010000,-13.8155105580,-0.0000010000,-13.8155105580,-13.8155105580,-0.0000010000,-13.8155105580,-0.0000010000,-0.0000010000
10,-0.0000010000,-0.0000010000,-13.8155105580,-0.0000010000,-13.8155105580,-13.8155105580,-13.8155105580,-0.0000010000,-12.2513052520,-0.0000010000,-13.8155105580,-0.0000010000
11,-0.0000010000,-13.8155105580,-13.8155105580,-13.8155105580,-13.8155105580,-13.8155105580,-0.0000010000,-13.8155105580,-0.0000010000,-0.0000010000,-13.8155105580,-13.8155105580
12,-0.0000010000,-0.0000010000,-0.0000010000,-13.8155105580,-13.8155105580,-13.8155105580,-0.0000010000,-13.8155105580,-13.8155105580,-0.0000010000,-0.0000010000,-13.8155105580
13,-0.0000010000,-0.0000010000,-13.8155105580,-0.0000010000,-13.8155105580,-13.8155105580,-0.0000010000,-13.8155105580,-13.8155105580,-13.8155105580,-0.0000010000,-0.0000010000
14,-13.8155105580,-7.6341030011,-13.8155105580,-0.0000010000,-0.0000010000,-13.8155105580,-0.0000010000,-13.8155105580,-0.0000010000,-0.0000010000,-0.0000010000,-0.0000010000
15,-0.0000010000,-13.8155105580,-13.8155105580,-13.8155105580,-0.0000010000,-13.8155105580,-13.8155105580,-0.0000010000,-0.0000010000,-13.8155105580,-0.0000010000,-13.8155105580
16,-13.8155105580,-0.0000010000,-13.8155105580,-0.0000010000,-13.8155105580,-13.8155105580,-13.8155105580,-13.8155105580,-13.8155105580,-13.8155105580,-0.0000010000,-0.0000010000
17,-0.0000010000,-13.8155105580,-0.0000010000,-13.8155105580,-0.0000010000,-13.8155105580,-0.0000010000,-13.8155105580,-0.0000010000,-0.0000010000,-0.0000010000,-13.8155105580
18,-13.8155105580,-13.8155105580,-13.8155105580,-0.0000010000,-13.8155105580,-13.8155105580,-0.0000010000,-0.0000010000,-0.0000010000,-13.8155105580,-13.8155105580,-0.0000010000
19,-0.0000010000,-0.0000010000,-13.8155105580,-0.0000010000,-13.8155105580,-13.8155105580,-13.8155105580,-13.8155105580,-0.0000010000,-0.0000010000,-0.0000010000,-0.0000010000
20,-13.8155105580,-13.8155105580,-0.0000010000,-0.0000010000,-13.8155105580,-0.0000010000,-13.8155105580,-13.8155105580,-13.8155105580,-0.0000010000,-13.8155105580,-13.8155105580
21,-0.0000010000,-0.0000010000,-0.0000010000,-0.0000010000,-0.0000010000,-13.8155105580,-0.0000010000,-13.8155105580,-0.0000010000,-13.8155105580,-13.8155105580,-0.0000010000
22,-0.0000010000,-13.8155105580,-0.0000010000,-13.8155105580,-0.0000010000,-13.8155105580,-13.8155105580,-0.0000010000,-13.8155105580,-13.8155105580,-13.8155105580,-13.8155105580
23,-0.0000010000,-13.8155105580,-13.8155105580,-13.8155105580,-0.0000010000,-0.0000010000,-13.8155105580,-0.0000010000,-0.0000010000,-13.8155105580,-0.0000010000,-13.8155105580
24,-0.0000010000,-0.0000010000,-13.8155105580,-0.0000010000,-13.8155105580,-13.8155105580,-0.0000010000,-13.8155105580,-0.0000010000,-0.0000010000,-13.8155105580,-0.0000010000
25,-0.0000010000,-13.8155105580,-13.8155105580,-13.8155105580,-0.0000010000,-0.0000010000,-0.0000010000,-13.8155105580,-13.8155105580,-13.8155105580,-0.0000010000,-13.8155105580
26,-13.8155105580,-13.8155105580,-0.0000010000,-13.8155105580,-13.8155105580,-0.0000010000,-0.0000010000,-0.0000010000,-13.8155105580,-0.0000010000,-13.8155105580,-0.0000010000
27,-0.0000010000,-0.0000010000,-13.8155105580,-0.0000010000,-0.0000010000,-0.0000010000,-13.8155105580,-0.0000010000,-0.0000010000,-13.8155105580,-0.0000183415,-0.0000010000
28,-0.0000010000,-0.0000010000,-0.0000010000,-0.0000010000,-0.0000010000,-0.0000010000,-0.0000010000,-0.0000010000,-13.8155105580,-0.0000010000,-13.8155105580,-13.8155105580
29,-13.8155105580,-0.0000010000,-13.8155105580,-0.0000010000,-13.8155105580,-13.8155105580,-0.0000010000,-0.0000010000,-13.8155105580,-0.0000010000,-13.8155105580,-0.0000010000
30,-0.0000010000,-0.0000010000,-0.0000010000,-0.0000010000,-13.8155105580,-13.8155105580,-0.0000010000,-13.8155105580,-13.8155105580,-13.8155105580,-13.8155105580,-13.8155105580
31,-0.0000010000,-0.0000010000,-13.8155105580,-13.8155105580,-0.0000010000,-0.0000010000,-0.0000010000,-13.8155105580,-13.8155105580,-13.8155105580,-13.8155105580,-13.8155105580
32,-0.0000010000,-13.8155105580,-13.8155105580,-13.8155105580,-13.8155105580,-0.0000010000,-13.8155105580,-13.8155105580,-13.8155105580,-0.0000010000,-13.8155105580,-0.0000010000
33,-13.1418709687,-13.8155105580,-13.8155105580,-13.8155105580,-13.8155105580,-13.8155105580,-0.0000010000,-13.8155105580,-0.0000010000,-0.0000010000,-0.0000010000,-13.8155105580
34,-0.0000010000,-13.8155105580,-13.8155105580,-0.0000010000,-13.8155105580,-0.0000010000,-0.0000010000,-13.8155105580,-13.8155105580,-0.0000010000,-0.0000010000,-13.8155105580
35,-0.0000010000,-13.8155105580,-13.8155105580,-0.0000010000,-0.0000010000,-13.8155105580,-0.0000010000,-0.0000010000,-0.0000010000,-0.0000010000,-0.0000010000,-0.0000010000
36,-0.0000010000,-13.8155105580,-0.0000010000,-13.8155105580,-0.0000010000,-0.0000010000,-0.0000010000,-13.8155105580,-13.8155105580,-0.0000010000,-0.0000010000,-13.8155105580
37,-0.0000010000,-0.0000010000,-0.0000010000,-0.0000010000,-0.0000010462,-13.8155105580,-0.0000010000,-13.8155105580,-13.8155105580,-13.8155105580,-13.8155105580,-0.0000010000
38,-13.8155105580,-13.8155105580,-13.8155105580,-13.8155105580,-13.8155105580,-13.8155105580,-0.0000010000,-13.8155105580,-13.8155105580,-0.0000010000,-13.8155105580,-13.8155105580
39,-0.0000010000,-0.0000010000,-13.8155105580,-0.0000010000,-0.0000010000,-13.8155105580,-13.8155105580,-13.8155105580,-0.0000010000,-13.8155105580,-0.0000010000,-13.8155105580
40,-13.8155105580,-0.0000010000,-13.8155105580,-13.8155105580,-13.8155105580,-0.0000010000,-13.8155105580,-13.8155105580,-0.0000010000,-13.8155105580,-0.0000010000,-0.0000010000
41,-0.0000010000,-0.0000010000,-13.8155105580,-0.0000010000,-0.0000010000,-13.8155105580,-13.8155105580,-0.0000010000,-0.0000010000,-13.8155105580,-0.0000010000,-13.8155105580
42,-13.8155105580,-13.8155105580,-13.8155105580,-0.0000010000,-13.8155105580,-13.8155105580,-0.0000010000,-0.0000010000,-0.0000010000,-13.8155105580,-0.0000010000,-13.8155105580
43,-13.8155105580,-13.8155105580,-13.8155105580,-0.0000010000,-13.8155105580,-13.8155105580,-0.0000010000,-13.8155105580,-0.0000010000,-0.0000010000,-13.8155105580,-13.8155105580
44,-13.8155105580,-13.8155105580,-13.8155105580,-0.0000010000,-0.0000010000,-0.0000010000,-13.8155105580,-13.8155105580,-13.8155105580,-0.0000010000,-0.0000010000,-13.8155105580
45,-13.8155105580,-13.8155105580,-0.0000010000,-0.0000010000,-0.0000010000,-0.0000010000,-13.8155105580,-0.0000010000,-13.8155105580,-13.8155105580,-13.8155105580,-0.0000010000
46,-0.0000010000,-0.0000010000,-13.8155105580,-13.8155105580,-13.8155105580,-13.8155105580,-0.0000010000,-0.0000010000,-13.8155105580,-0.0000010000,-0.0000010000,-13.8155105580
47,-0.0000010000,-13.8155105580,-0.0000010000,-13.8155105580,-0.0000010000,-13.8155105580,-13.8155105580,-13.8155105580,-13.8155105580,-0.0000010000,-0.0000010000,-13.8155105580
48,-0.0000010000,-0.0000010000,-0.0000010000,-0.0000010000,-0.0000010000,-13.8155105580,-13.8155105580,-13.8155105580,-13.8155105580,-0.0000010000,-0.0000010000,-13.8155105580
49,-0.0000010000,-0.0000010000,-13.8155105580,-13.8155105580,-13.8155105580,-0.0000010000,-0.0000010000,-13.8155105580,-13.8155105580,-13.8155105580,-13.8155105580,-13.8155105580
50,-0.0000010000,-0.0000010000,-13.8155105580,-0.0000010000,-13.8155105580,-0.0000010000,-13.8155105580,-13.8155105580,-13.8155105580,-0.0000010000,-13.8155105580,-0.0000010000
51,-13.8155105580,-13.8155105580,-13.8155105580,-13.8155105580,-0.0000010000,-0.0000010000,-13.8155105580,-0.0000010000,-13.8155105580,-0.0000010000,-0.0000010000,-13.8155105580
52,-0.0000010000,-0.0000010000,-0.0000010000,-0.0000010000,-13.8155105580,-0.0000010000,-0.0000010000,-13.8155105580,-0.0000010000,-13.8155105580,-0.0000010000,-13.8155105580
53,-0.0000010000,-13.8155105580,-13.8155105580,-13.8155105580,-13.8155105580,-0.0000010000,-0.0000010000,-13.8155105580,-13.8155105580,-13.8155105580,-0.0000010000,-13.8155105580
54,-0.0000010000,-13.8155105580,-0.0000010000,-13.8155105580,-13.8155105580,-13.8155105580,-0.0000010000,-0.0000010000,-0.0000010000,-13.8155105580,-13.8155105580,-13.8155105580
55,-0.0000010000,-13.8155105580,-0.0000010000,-13.8155105580,-13.8155105580,-13.8155105580,-0.0000010000,-13.8155105580,-13.8155105580,-0.0000010000,-13.8155105580,-0.0000010000
56,-13.8155105580,-0.0000010000,-13.8155105580,-13.8155105580,-13.8155105580,-0.0000010000,-0.0000010000,-0.0000010000,-0.0000010000,-0.0000010000,-13.8155105580,-13.8155105580
57,-0.0000010000,-0.0000010000,-0.0000010000,-13.8155105580,-0.0000010000,-13.8155105580,-13.8155105580,-0.0000010000,-0.0000010000,-13.8155105580,-13.8155105580,-13.8155105580
58,-0.0000010000,-0.0000010000,-13.8155105580,-13.8155105580,-0.0000010000,-13.8155105580,-0.0000010000,-0.0000010000,-13.8155105580,-13.8155105580,-0.0000010000,-13.8155105580
59,-0.0000010000,-13.8155105580,-13.8155105580,-0.0000010000,-13.8155105580,-0.0000010000,-13.8155105580,-0.0000010000,-0.0000010000,-13.8155105580,-13.8155105580,-13.8155105580
60,-0.0000010000,-13.8155105580,-13.8155105580,-13.8155105580,-13.8155105580,-13.8155105580,-0.0000010000,-13.8155105580,-0.0000010000,-13.8155105580,-0.0000010000,-0.0000010000
61,-0.0000010000,-13.8155105580,-13.8155105580,-13.8155105580,-13.8155105580,-0.0000010000,-13.8155105580,-0.0000010000,-13.8155105580,-13.8155105580,-0.0000010000,-13.8155105580
62,-0.0000010000,-0.0000010000,-0.0000010000,-13.8155105580,-13.8155105580,-13.8155105580,-13.8155105580,-13.8155105580,-0.0000010000,-13.8155105580,-13.8155105580,-0.0000010000
63,-0.0000010000,-0.0000010000,-13.8155105580,-13.8155105580,-13.8155105580,-0.0000010000,-0.0000010000,-13.8155105580,-0.0000010000,-0.0000010000,-13.8155105580,-13.8155105580
64,-0.0000010000,-0.0000010000,-0.0000010000,-13.8155105580,-13.8155105580,-13.8155105580,-0.0000010000,-13.8155105580,-13.8155105580,-13.8155105580,-13.8155105580,-13.8155105580
65,-13.8155105580,-13.8155105580,-0.0000010000,-13.8155105580,-13.8155105580,-0.0000010000,-13.8155105580,-0.0000010000,-13.8155105580,-0.0000010000,-0.0000010000,-0.0000010000
66,-0.0000010000,-0.0000010000,-0.0000010000,-0.0000010000,-13.8155105580,-13.8155105580,-13.8155105580,-13.8155105580,-0.0000010000,-13.8155105580,-13.8155105580,-0.0000010000
67,-0.0000010000,-0.0000010000,-13.8155105580,-0.0000010000,-0.0000010000,-0.0000010000,-0.0000010000,-0.0000010000,-13.8155105580,-13.8155105580,-13.8155105580,-0.0000010000
68,-0.0000010000,-0.0000010000,-0.0000010000,-0.0000010000,-0.0000010000,-13.8155105580,-13.8155105580,-13.8155105580,-13.8155105580,-0.0000010000,-0.0000010000,-0.0000010000
69,-0.0000010000,-0.0000010000,-0.0000010000,-0.0000010000,-13.8155105580,-13.8155105580,-0.0000010000,-0.0000010000,-13.8155105580,-13.8155105580,-0.0000010000,-13.8155105580
70,-0.0000010000,-0.0000010000,-13.8155105580,-0.0000010000,-13.8155105580,-13.8155105580,-13.8155105580,-13.8155105580,-13.8155105580,-0.0000010000,-0.0000010000,-0.0000010000
71,-0.0000010000,-13.8155105580,-13.8155105580,-13.8155105580,-13.8155105580,-0.0000010000,-13.8155105580,-0.0000010000,-13.8155105580,-0.0000010000,-13.8155105580,-0.0000010000
72,-13.8155105580,-13.8155105580,-13.8155105580,-13.8155105580,-13.8155105580,-0.0000010000,-0.0000010000,-0.0000010000,-13.8155105580,-13.8155105580,-0.0000010000,-13.8155105580
73,-13.8155105580,-13.8155105580,-0.0000010000,-13.8155105580,-0.0000010000,-0.0000010000,-0.0000010000,-0.0000010000,-13.8155105580,-13.8155105580,-0.0000010000,-0.0000010000
74,-13.8155105580,-13.8155105580,-0.0000010000,-13.8155105580,-0.0000010000,-0.0000010000,-0.0000010000,-13.8155105580,-13.8155105580,-13.8155105580,-0.0000010000,-13.8155105580
75,-13.8155105580,-13.8155105580,-13.8155105580,-13.8155105580,-0.0000010000,-13.8155105580,-13.8155105580,-0.0000010000,-0.0000010000,-13.8155105580,-13.8155105580,-0.0000010000
76,-13.8155105580,-13.8155105580,-13.8155105580,-0.0000010000,-13.8155105580,-0.0000010000,-0.0000010000,-13.8155105580,-13.8155105580,-0.0000010000,-0.0000010000,-13.8155105580
77,-13.8155105580,-13.8155105580,-0.0000010000,-13.8155105580,-0.0000010000,-13.8155105580,-0.0000010000,-0.0000010000,-0.0000010000,-0.0000010000,-0.0000010000,-13.8155105580
78,-0.0000010000,-0.0000010000,-13.8155105580,-0.0000010000,-0.0000010000,-13.8155105580,-0.0000010000,-0.0000010000,-13.8155105580,-0.0000010000,-0.0000010000,-0.0000010000
79,-0.0000010000,-13.8155105580,-13.8155105580,-13.8155105580,-0.0000010000,-13.8155105580,-0.0000010000,-0.0000010000,-13.8155105580,-13.8155105580,-0.0000010000,-13.8155105580
80,-13.8155105580,-13.8155105580,-13.8155105580,-13.8155105580,-0.0000010000,-13.8155105580,-13.8155105580,-0.0000010000,-13.8155105580,-0.0000010000,-0.0000010000,-0.0000010000
81,-0.0000010000,-0.0000010000,-0.0000010000,-13.8155105580,-13.8155105580,-13.8155105580,-13.8155105580,-0.0000010000,-0.0000010000,-13.8155105580,-0.0000010000,-0.0000010000
82,-0.0000010000,-0.0000010000,-0.0000010000,-0.0000010000,-0.0000010000,-0.0000010000,-13.8155105580,-0.0000010000,-13.8155105580,-13.8155105580,-13.8155105580,-13.8155105580
83,-13.8155105580,-13.8155105580,-13.8155105580,-0.0000010000,-13.8155105580,-0.0000010000,-13.8155105580,-0.0000010000,-13.8155105580,-0.0000010000,-0.0000010000,-13.8155105580
84,-0.0000010000,-0.0000010000,-0.0000010000,-13.8155105580,-0.0000010000,-13.8155105580,-13.8155105580,-13.8155105580,-0.0000010000,-13.8155105580,-13.8155105580,-0.0000010000
85,-13.8155105580,-13.8155105580,-0.0000010000,-13.8155105580,-0.0000010000,-13.8155105580,-0.0000010000,-0.0000010000,-13.8155105580,-0.0000010000,-0.0000010000,-0.0000010000
86,-13.8155105580,-13.8155105580,-13.8155105580,-13.8155105580,-13.8155105580,-0.0000010000,-0.0000010000,-13.8155105580,-13.8155105580,-0.0000010000,-13.8155105580,-0.0000010000
87,-0.0000010000,-0.0000010000,-0.0000010000,-0.0000010000,-13.8155105580,-13.8155105580,-13.8155105580,-13.8155105580,-0.0000010000,-13.8155105580,-13.8155105580,-0.0000010000
88,-0.0000010000,-0.0000010000,-0.0000010000,-13.8155105580,-0.0000010000,-13.8155105580,-13.8155105580,-13.8155105580,-13.8155105580,-0.0000010000,-13.8155105580,-0.0000010000
89,-13.8155105580,-13.8155105580,-13.8155105580,-13.8155105580,-13.8155105580,-13.8155105580,-13.8155105580,-13.8155105580,-13.8155105580,-13.8155105580,-0.0000010000,-0.0000010000
90,-0.0000010000,-0.0000010000,-0.0000010000,-13.8155105580,-0.0000010000,-0.0000010000,-0.0000010000,-0.0000010000,-13.8155105580,-0.0000010000,-13.8155105580,-0.0000010000
91,-13.8155105580,-13.8155105580,-0.0000010000,-13.8155105580,-0.0000010000,-0.0000010000,-13.8155105580,-13.8155105580,-13.8155105580,-0.0000010000,-0.0000010000,-13.8155105580
92,-0.0000010000,-13.8155105580,-13.8155105580,-13.8155105580,-13.8155105580,-13.8155105580,-13.8155105580,-0.0000010000,-13.8155105580,-13.8155105580,-0.0000010000,-0.0000010000
93,-0.0000010000,-0.0000010000,-13.8155105580,-0.0000010000,-0.0000010000,-13.8155105580,-0.0000010000,-13.8155105580,-13.8155105580,-13.8155105580,-13.8155105580,-0.0000010000
94,-13.8155105580,-13.8155105580,-0.0000010000,-13.8155105580,-13.8155105580,-0.0000010000,-0.0000010000,-0.0000010000,-0.0000010000,-0.0000010000,-0.0000010000,-13.8155105580
95,-0.0000010000,-13.8155105580,-13.8155105580,-13.8155105580,-0.0000010000,-13.8155105580,-0.0000010000,-0.0000010000,-0.0000010000,-13.8155105580,-12.4619082403,-0.0000010000
96,-0.0000010000,-13.8155105580,-0.0000010000,-13.8155105580,-13.8155105580,-0.0000010000,-0.0000010000,-13.8155105580,-0.0000010000,-13.8155105580,-13.8155105580,-0.0000010000
97,-0.0000010000,-13.8155105580,-13.8155105580,-0.0000010000,-13.8155105580,-13.8155105580,-13.8155105580,-13.8155105580,-0.0000010000,-13.8155105580,-13.8155105580,-0.0000010000
98,-13.8155105580,-13.8155105580,-13.8155105580,-13.8155105580,-0.0000010000,-13.8155105580,-13.8155105580,-0.0000010000,-13.8155105580,-13.8155105580,-0.0000010000,-0.0000010000
99,-0.0000010000,-0.0000010000,-0.0000010000,-0.0000010000,-0.0000010000,-13.8155105580,-0.0000010000,-13.8155105580,-0.0000010000,-13.8155105580,-0.0000010000,-0.0000010000
100,-13.8155105580,-13.8155105580,-13.8155105580,-13.8155105580,-0.0000010000,-13.8155105580,-0.0000010000,-13.8155105580,-13.8155105580,-13.8155105580,-13.8155105580,-13.8155105580
101,-13.8155105580,-13.8155105580,-0.0000010000,-13.8155105580,-0.0000010000,-13.8155105580,-0.0000010000,-13.8155105580,-0.0000010000,-13.8155105580,-0.0000010000,-13.8155105580
102,-13.8155105580,-13.8155105580,-13.8155105580,-13.8155105580,-13.8155105580,-0.0000010000,-13.8155105580,-0.0000010000,-13.8155105580,-13.8155105580,-0.0000010000,-0.0000010000
103,-13.8155105580,-13.8155105580,-13.8155105580,-13.8155105580,-13.8155105580,-0.0000010000,-0.0000010000,-13.8155105580,-0.0000010000,-0.0000010000,-13.8155105580,-0.0000010000
104,-0.0000010000,-13.8155105580,-0.0000010000,-13.8155105580,-13.8155105580,-0.0000010000,-0.0000010000,-13.8155105580,-13.8155105580,-13.8155105580,-13.8155105580,-0.0000010000
105,-13.8155105580,-0.0000010000,-13.8155105580,-13.8155105580,-0.0000010000,-13.8155105580,-0.0000010000,-0.0000010000,-0.0000010000,-13.8155105580,-0.0000010000,-13.8155105580
106,-13.8155105580,-13.8155105580,-0.0000010000,-13.8155105580,-0.0000010000,-13.8155105580,-0.0000010000,-13.8155105580,-0.0000010000,-0.0000010000,-13.8155105580,-0.0000010000
107,-13.8155105580,-0.0000010000,-13.8155105580,-13.8155105580,-13.8155105580,-0.0000010000,-13.8155105580,-13.8155105580,-0.0000010000,-13.8155105580,-13.8155105580,-0.0000010000
108,-0.0000010000,-13.8155105580,-13.8155105580,-0.0000010000,-0.0000010000,-13.8155105580,-13.8155105580,-13.8155105580,-0.0000010000,-13.8155105580,-13.8155105580,-13.8155105580
109,-0.0000010000,-13.8155105580,-13.8155105580,-0.0000010000,-13.8155105580,-0.0000010000,-0.0000010000,-13.8155105580,-13.8155105580,-0.0000010000,-13.8155105580,-0.0000010000
110,-13.8155105580,-0.0000010000,-13.8155105580,-0.0000010000,-0.0000010000,-0.0000010000,-0.0000010000,-0.0000010000,-0.0000010000,-13.8155105580,-0.0000010000,-13.8155105580
111,-0.0000010000,-0.0000010000,-13.8155105580,-0.0000010000,-13.8155105580,-13.8155105580,-0.0000010000,-13.8155105580,-0.0000010000,-0.0000010000,-13.8155105580,-8.4251339178
112,-0.0000010000,-13.8155105580,-0.0000010000,-13.8155105580,-13.8155105580,-0.0000010000,-0.0000010000,-13.8155105580,-0.0000010000,-0.0000010000,-13.8155105580,-13.8155105580
113,-13.8155105580,-13.8155105580,-0.0000010000,-0.0000010000,-13.8155105580,-13.8155105580,-0.0000010000,-0.0000010000,-0.0000010000,-13.8155105580,-0.0000010000,-13.8155105580
114,-13.8155105580,-13.8155105580,-13.8155105580,-13.8155105580,-13.8155105580,-0.0000010000,-13.8155105580,-0.0000010000,-13.8155105580,-13.8155105580,-0.0000010000,-0.0000010000
115,-0.0000010000,-13.8155105580,-13.8155105580,-13.8155105580,-13.8155105580,-13.8155105580,-0.0000010000,-0.0000010000,-0.0000010000,-0.0000010000,-0.0000010000,-0.0000010000
116,-13.8155105580,-13.8155105580,-0.0000010000,-13.8155105580,-13.8155105580,-13.8155105580,-0.0000010000,-0.0000010000,-0.0000010000,-13.8155105580,-0.0000010000,-13.8155105580
117,-0.0000010000,-0.0000010000,-13.8155105580,-0.0000010000,-0.0000010000,-13.8155105580,-13.8155105580,-13.8155105580,-13.8155105580,-13.8155105580,-0.0000010000,-13.8155105580
118,-0.0000010000,-0.0000010000,-13.8155105580,-13.8155105580,-13.8155105580,-0.0000010000,-0.0000010000,-13.8155105580,-0.0000010000,-13.8155105580,-0.0000010000,-13.8155105580
119,-13.8155105580,-0.0000010000,-13.8155105580,-13.8155105580,-0.0000010000,-13.8155105580,-13.8155105580,-13.8155105580,-13.8155105580,-0.0000010000,-13.8155105580,-13.8155105580
120,-0.0000010000,-7.7176615976,-13.8155105580,-13.8155105580,-13.8155105580,-13.8155105580,-0.0000010000,-0.0000010000,-0.0000010000,-0.0000010000,-13.8155105580,-0.0000010000
121,-0.0000010000,-0.0000010000,-0.0000010000,-13.8155105580,-13.8155105580,-13.8155105580,-0.0000010000,-13.8155105580,-0.0000010000,-0.0000010000,-0.0000010000,-0.0000010000
122,-0.0000010000,-13.8155105580,-13.8155105580,-0.0000010000,-13.8155105580,-0.0000010000,-13.8155105580,-0.0000010000,-13.8155105580,-0.0000010000,-13.8155105580,-13.8155105580
123,-0.0000010000,-0.0000010000,-0.0000010000,-13.8155105580,-0.0000010000,-13.8155105580,-0.0000010000,-0.0000010000,-0.0000010000,-13.8155105580,-0.0000010000,-13.8155105580
124,-0.0000010000,-0.0000010000,-13.8155105580,-0.0000010000,-0.0000010000,-0.0000010000,-0.0000010000,-13.8155105580,-13.8155105580,-13.8155105580,-13.8155105580,-0.0000010000
125,-13.8155105580,-13.8155105580,-13.8155105580,-13.8155105580,-13.8155105580,-0.0000010000,-13.8155105580,-13.8155105580,-13.8155105580,-13.8155105580,-0.0000010000,-0.0000010000
